Results for Jacobi: 
Iterations: 62
Residual Norm: 7.48220434252924e-10
Time Taken: 21.315128326416016 seconds
Converged: True

Results for Gaus Seidel:
Iterations: 36
Residual Norm: 8.970721867959548e-10
Time Taken: 13.637560367584229 seconds
Converged: True

Results for Jacobi: 
Iterations: 1000
Residual Norm: 2.5651350076201824e+126
Time Taken: 358.25476479530334 seconds
Converged: False

Results for Gaus Seidel:
Iterations: 512
Residual Norm: inf
Time Taken: 170.97607016563416 seconds
Converged: False


Results for LU: 
Residual Norm: 2.1517425039785876e-13
Time Taken: 194.8120882511139 seconds


0.050002336502075195 0.031004905700683594 0.025998353958129883
0.21401548385620117 0.12300896644592285 0.17901349067687988
23.96886968612671 13.313994884490967 202.8671476840973
101.19808721542358 60.36554169654846 1858.7307336330414
226.7834231853485 131.05156469345093 6628.71071434021
[0.050002336502075195, 0.21401548385620117, 23.96886968612671, 101.19808721542358, 226.7834231853485] [0.031004905700683594, 0.12300896644592285, 13.313994884490967, 60.36554169654846, 131.05156469345093] [0.025998353958129883, 0.17901349067687988, 202.8671476840973, 1858.7307336330414, 6628.71071434021]


Size      Jacobi            Gauss-Seidel        LU Decomposition
50        0.050002          0.031005            0.025998
100       0.214015          0.123009            0.179013
1000      23.968870         13.313995           202.867148
2000      101.198087        60.365542           1858.730734
3000      226.783423        131.051565          6628.710714                               

